4.774933804060017550e-01
7.265254505216566239e-01
8.769949396652394480e-01
9.008136381247578983e-01
9.631181894383905595e-01
9.092307692307691758e-01
9.467196819085487158e-01
9.512584898122253829e-01
9.462579617834394607e-01
9.683184402924451817e-01
9.691056910569105787e-01
9.758493655341793360e-01
9.356357927786499440e-01
9.694997966653110533e-01
9.762489762489762191e-01
9.766489143793527505e-01
9.601288763592428221e-01
9.790554414784393700e-01
9.710794297352342008e-01
9.754500818330605894e-01
9.655731065208585928e-01
9.698942229454841080e-01
9.746213671715104887e-01
9.730502245814618423e-01
9.722675367047308725e-01
9.782519491177676940e-01
9.794576828266228219e-01
9.790554414784393700e-01
9.738562091503267792e-01
9.758493655341793360e-01
