6.257047853115511593e-01
8.284066330209083340e-01
9.095680258377069061e-01
9.363672976238421874e-01
9.633200586879059335e-01
9.484453360080241646e-01
9.718367346938775464e-01
9.742225859247136688e-01
9.707984480294056251e-01
9.837012585104188966e-01
9.841073271413829371e-01
9.875724937862468966e-01
9.665517940401379127e-01
9.843104872006606110e-01
9.877770872177336070e-01
9.879817654372151647e-01
9.794576828266228219e-01
9.892116182572614491e-01
9.851239669421487655e-01
9.873679850900807242e-01
9.822826534816644362e-01
9.845137311583728179e-01
9.863297431648715419e-01
9.859329747621016216e-01
9.857349596857557517e-01
9.888013272501037232e-01
9.894168914712596630e-01
9.892116182572614491e-01
9.865507966066624501e-01
9.875724937862468966e-01
