9.102550148963928223e-01
3.474841415882110596e-01
3.855727910995483398e-01
3.149555623531341553e-01
2.696198821067810059e-01
2.287947535514831543e-01
1.077946126461029053e-01
6.028685718774795532e-02
3.620877116918563843e-02
3.209558501839637756e-02
2.115761488676071167e-02
1.986831240355968475e-02
1.826729997992515564e-02
1.677370443940162659e-02
1.553594134747982025e-02
1.327763125300407410e-02
1.397449895739555359e-02
1.304644625633955002e-02
1.161401625722646713e-02
1.370196510106325150e-02
1.220897212624549866e-02
1.267217285931110382e-02
1.231657061725854874e-02
1.159610599279403687e-02
1.201175060123205185e-02
1.419388875365257263e-02
1.390889100730419159e-02
1.178513374179601669e-02
1.101740915328264236e-02
2.206491678953170776e-02
