9.073375262054507173e-01
9.635220125786163603e-01
9.446540880503144777e-01
9.748427672955974899e-01
9.635220125786163603e-01
9.911949685534591215e-01
9.983228511530398697e-01
9.983228511530398697e-01
9.966457023060796283e-01
9.995807127882599952e-01
9.995807127882599952e-01
9.995807127882599952e-01
9.995807127882599952e-01
9.995807127882599952e-01
9.995807127882599952e-01
9.995807127882599952e-01
9.995807127882599952e-01
9.995807127882599952e-01
9.995807127882599952e-01
9.995807127882599952e-01
9.995807127882599952e-01
9.995807127882599952e-01
9.983228511530398697e-01
9.991614255765198793e-01
9.995807127882599952e-01
9.995807127882599952e-01
9.995807127882599952e-01
9.995807127882599952e-01
9.995807127882599952e-01
9.995807127882599952e-01
