9.351572990417480469e-01
4.205451905727386475e-01
4.885251224040985107e-01
4.377188384532928467e-01
4.070992767810821533e-01
2.647202908992767334e-01
1.720523685216903687e-01
1.398242563009262085e-01
7.649056613445281982e-02
6.641583889722824097e-02
5.302334576845169067e-02
3.378762304782867432e-02
3.063988685607910156e-02
2.472873963415622711e-02
2.466484718024730682e-02
1.912812143564224243e-02
1.715164817869663239e-02
1.495007146149873734e-02
1.809662766754627228e-02
1.458777114748954773e-02
1.442557014524936676e-02
1.356285624206066132e-02
1.406746823340654373e-02
1.121112052351236343e-02
1.001763157546520233e-02
1.191660109907388687e-02
8.844357915222644806e-03
1.143238414078950882e-02
1.096612494438886642e-02
8.174249902367591858e-03
