5.351270553064275681e-01
7.833753148614609474e-01
8.902093944538764791e-01
9.504181600955794451e-01
9.703703703703704386e-01
9.409681227863045949e-01
9.836561743341404318e-01
9.747899159663866442e-01
9.818731117824773813e-01
9.851470142467414481e-01
9.824879227053140429e-01
9.920780012187689900e-01
9.857705116560702141e-01
9.911719939117199507e-01
9.917758148035333843e-01
9.908703590992087307e-01
9.884638737097752870e-01
9.938949938949938057e-01
9.926829268292682862e-01
9.872650090964221192e-01
9.929856663616956070e-01
9.932885906040268553e-01
9.951100244498777281e-01
9.926829268292682862e-01
9.917758148035333843e-01
9.908703590992087307e-01
9.914738124238734462e-01
9.945021380574221581e-01
9.948059883898563438e-01
9.944987775061124857e-01
9.941949282004278743e-01
9.945021380574221581e-01
9.911719939117199507e-01
9.848759830611011346e-01
9.929813854134879048e-01
9.932885906040268553e-01
9.839830764581445344e-01
9.929728078215703801e-01
9.899665551839463840e-01
9.938949938949938057e-01
9.951100244498777281e-01
9.938949938949938057e-01
9.941984732824427073e-01
9.954142464078263863e-01
9.938949938949938057e-01
9.945021380574221581e-01
9.945021380574221581e-01
9.635339460420989655e-01
9.951100244498777281e-01
9.954142464078263863e-01
