8.796068796068795548e-01
9.551597051597051635e-01
9.662162162162162282e-01
9.772727272727272929e-01
9.656019656019656505e-01
9.791154791154791370e-01
9.981572481572481559e-01
9.975429975429975782e-01
9.981572481572481559e-01
9.981572481572481559e-01
9.993857493857494223e-01
1.000000000000000000e+00
1.000000000000000000e+00
1.000000000000000000e+00
1.000000000000000000e+00
1.000000000000000000e+00
1.000000000000000000e+00
1.000000000000000000e+00
1.000000000000000000e+00
1.000000000000000000e+00
1.000000000000000000e+00
1.000000000000000000e+00
1.000000000000000000e+00
1.000000000000000000e+00
1.000000000000000000e+00
1.000000000000000000e+00
1.000000000000000000e+00
1.000000000000000000e+00
1.000000000000000000e+00
9.993857493857494223e-01
9.993857493857494223e-01
1.000000000000000000e+00
1.000000000000000000e+00
1.000000000000000000e+00
9.993857493857494223e-01
1.000000000000000000e+00
1.000000000000000000e+00
9.981572481572481559e-01
1.000000000000000000e+00
1.000000000000000000e+00
1.000000000000000000e+00
1.000000000000000000e+00
1.000000000000000000e+00
1.000000000000000000e+00
1.000000000000000000e+00
1.000000000000000000e+00
1.000000000000000000e+00
9.981572481572481559e-01
1.000000000000000000e+00
1.000000000000000000e+00
