3.845327604726100912e-01
6.639624252775405688e-01
8.252885624344176163e-01
9.250000000000000444e-01
9.751861042183622708e-01
9.056818181818181435e-01
9.695704057279236343e-01
9.530516431924882514e-01
9.661117717003566696e-01
9.724715739078396703e-01
9.661520190023753507e-01
9.842805320435308314e-01
9.719402985074626633e-01
9.824984912492455980e-01
9.836858006042296099e-01
9.819059107358263372e-01
9.771908763505402495e-01
9.878640776699029180e-01
9.854721549636803468e-01
9.748502994011976064e-01
9.860690490611750958e-01
9.866666666666666918e-01
9.902676399026764109e-01
9.854721549636803468e-01
9.836858006042296099e-01
9.819059107358263372e-01
9.830917874396135625e-01
9.890643985419198536e-01
9.896656534954407780e-01
9.896593673965936588e-01
9.890577507598784512e-01
9.890643985419198536e-01
9.824984912492455980e-01
9.702026221692491292e-01
9.866585809581565059e-01
9.866666666666666918e-01
9.684711481261154553e-01
9.878419452887537977e-01
9.801324503311258374e-01
9.878640776699029180e-01
9.902676399026764109e-01
9.878640776699029180e-01
9.884638737097753980e-01
9.908703590992087307e-01
9.878640776699029180e-01
9.890643985419198536e-01
9.890643985419198536e-01
9.312320916905444390e-01
9.902676399026764109e-01
9.908703590992087307e-01
